        74    0.34447
        10    0.52687
        37    0.58535
        12    0.35577
         2    0.41693
        82    0.74808
        24    0.96072
        47    0.98759
        51    0.45814
        30    0.98573
        20    0.41470
        62    0.22090
        69    0.66591
        65    0.49004
        13    1.09625
        76    0.25381
        25    0.43554
        80    1.00118
        32    0.55114
        11    0.73996
         8    0.82101
        67    0.89559
        58    0.41637
         9    0.91123
        52    0.86543
        21    0.81848
        55    0.76378
        18    0.22710
        60    0.30384
        49    1.01886
        59    0.54115
        16    0.99973
        71    0.69333
        77    0.87055
        73    0.89594
        83    0.64740
        43    0.41508
        28    0.98789
        70    0.34575
        48    0.53826
        26    1.09560
        23    0.69534
        14    0.37762
        36    0.69492
        66    0.20038
        53    0.69649
        40    0.95661
        63    0.82848
        64    0.72314
        56    1.02045
         3    0.75693
        42    0.77288
        41    0.33134
        79    0.43396
         1    1.05743
        38    1.09076
        72    0.93687
        22    0.21783
         7    0.90051
         5    0.47501
        61    0.98788
        44    0.24738
        29    0.71104
        17    0.68275
        35    0.47609
        57    0.68111
        68    0.81920
        19    0.98858
         6    1.01706
        27    0.73279
        45    0.67956
        75    1.09120
        15    0.34281
        50    0.43756
        33    1.04545
        81    0.62721
        39    1.01275
        31    1.03228
        34    0.24684
        46    0.87155
        78    0.61215
        54    0.55453
         4    0.23544
